focal_from_exif: 0.0344550609589
detect_features: 1.81782102585
focal_from_exif: 0.0195441246033
detect_features: 0.0207061767578
match_features: 2.20818996429
reconstruct: 0.717825889587
mesh: 0.233419895172
